1001 100 3 10001 10002 10003
1002 100 1 10004
1003 100 3 10005 10006 10007
1004 75 4 10021 10022 10023 10024
1005 100 1 10008
1006 100 3 10009 10010 10011
1007 100 3 10005 10025 10026
3001 300 3 30001 30002 30003
3002 100 1 30004 
4001 100 3 40001 40002 40003
5001 150 2 50001 50002
6001 100 1 60001
7001 100 2 70001 70002
8001 100 2 80001 80002
9001 100 1 90001
9002 100 1 90002
9003 100 1 90003
9004 100 1 90004 
9005 100 1 90005
9006 100 1 90006
9007 100 1 90007
9008 100 1 90008
9009 100 1 90009
9010 100 1 90010
9011 100 1 90011
9012 100 1 90012 
9013 100 1 90013
9014 100 1 90014
9015 100 1 90015
9016 100 1 90016
9017 100 1 90017
10001 100 1 100001
10002 100 1 100002
11001 100 6 110001 110002 110003 110004 110005 110006
12001 300 3 120001 120002 120003
13001 100 2 130001 130002
14001 100 2 140001 140002
END