10001 339 5 359 37 0
10002 368 5 390 37 0
10003 400 5 420 37 0
10004 3 5 23 37 0 
10005 42 6 61 37 0
10006 66 6 85 37 0
10007 111 6 130 37 0
10008 3 44 20 76 0
10009 35 44 53 76 0
10010 58 44 78 76 0
10011 100 44 120 76 0
10021 142 53 158 75 0
10022 166 55 188 71 0 
10023 194 53 209 75 0
10024 217 55 239 71 0
30001 216 51 240 92 10
30002 282 51 306 92 10
30003 245 51 269 92 10
30004 245 51 269 92 10
40001 0 0 0 0 0
40002 86 6 106 37 0
40003 131 6 151 37 0
50001 314 77 345 93 10
50002 355 77 386 93 10
60001 319 83 349 121 0
70001 83 135 98 150 0
70002 98 135 113 150 0
80001 478 60 495 90 10
80002 505 60 522 90 10
90001 3 91 18 106 0
90002 22 91 37 106 0
90003 50 90 66 106 0
90004 70 90 86 106 0
90005 90 90 106 106 0
90006 110 90 126 106 0
90007 130 90 146 106 0
90008 150 90 166 106 0
90009 173 91 189 106 0
90010 194 91 210 106 0
90011 215 90 227 106 0
90012 230 90 242 106 0
90013 265 95 273 102 0
90014 278 88 294 105 0
90015 300 89 308 105 0
90016 358 94 374 110 0
90017 384 85 416 117 0
90018 246 91 258 106 0
100001 0 0 6 7 2
100002 7 0 13 7 2
110001 0 0 32 41 3
110002 33 0 65 41 3
110003 65 0 97 41 3
110004 104 0 136 41 3
110005 144 0 176 41 3



 
